[[0.027014373,0.00013376675,-0.00645282,-0.004093709,-0.0027191308,-0.004969842,-0.0060048704,-0.0000034613784,-0.0040174085,-0.0062037315,-0.0028774035,-0.0016274217],[0.00013376675,0.0064870687,0.0008611825,0.0010980719,-0.0017000678,-0.00017196858,0.0004308073,-0.0032273054,0.00090448896,0.00022852355,0.00075729436,0.00023277644],[-0.00645282,0.0008611825,0.013631385,0.0022629576,-0.0016998448,-0.0011790294,0.00022674148,-0.0015024643,-0.0009576861,0.001463854,-0.00076589704,-0.001751373],[-0.004093709,0.0010980719,0.0022629576,0.005970135,0.00089333294,0.0010852547,0.00079291395,-0.002808595,0.0007418571,0.00019606604,0.0009723123,-0.00013487904],[-0.0027191308,-0.0017000678,-0.0016998448,0.00089333294,0.013209101,0.0010337313,-0.00057621556,-0.0017304552,-0.001013069,-0.0013966302,-0.0021825114,-0.00009363381],[-0.004969842,-0.00017196858,-0.0011790294,0.0010852547,0.0010337313,0.011511268,0.0024833456,-0.002762759,0.0007813449,0.00076270103,0.0008406819,-0.0021984489],[-0.0060048704,0.0004308073,0.00022674148,0.00079291395,-0.00057621556,0.0024833456,0.006408139,0.000097329525,0.0014793494,0.00078169996,0.00077087944,0.00083777733],[-0.0000034613784,-0.0032273054,-0.0015024643,-0.002808595,-0.0017304552,-0.002762759,0.000097329525,0.016488101,0.00090064487,-0.0029010915,-0.0022094573,-0.0022229722],[-0.0040174085,0.00090448896,-0.0009576861,0.0007418571,-0.001013069,0.0007813449,0.0014793494,0.00090064487,0.005284403,0.0021518276,0.0012321948,-0.00014004282],[-0.0062037315,0.00022852355,0.001463854,0.00019606604,-0.0013966302,0.00076270103,0.00078169996,-0.0029010915,0.0021518276,0.010140655,0.002679398,-0.0002405534],[-0.0028774035,0.00075729436,-0.00076589704,0.0009723123,-0.0021825114,0.0008406819,0.00077087944,-0.0022094573,0.0012321948,0.002679398,0.006729252,0.0016447987],[-0.0016274217,0.00023277644,-0.001751373,-0.00013487904,-0.00009363381,-0.0021984489,0.00083777733,-0.0022229722,-0.00014004282,-0.0002405534,0.0016447987,0.010021513]]