[[0.022802947,-0.00026441785,-0.0044440595,-0.003743415,-0.0017801147,-0.004046403,-0.004465528,-0.000008266817,-0.0039739697,-0.004371058,-0.002921651,-0.00063615444],[-0.00026441785,0.00858307,0.0006269389,0.0016210934,-0.0023735052,0.001152099,0.0013440443,-0.00411529,0.0012681886,0.00016790246,-0.0007818979,-0.000055375636],[-0.0044440595,0.0006269389,0.014746509,0.0015160518,-0.0018689289,-0.0014105577,0.00063540984,0.0004357764,-0.002083962,0.0017199029,-0.0015514047,-0.0024142119],[-0.003743415,0.0016210934,0.0015160518,0.006280332,0.00031791299,0.0005186164,0.0018442819,-0.0030822775,0.0009782218,0.0013705542,-0.000056362576,0.00048194858],[-0.0017801147,-0.0023735052,-0.0018689289,0.00031791299,0.015336305,-0.00012958018,-0.0015151048,-0.0030197431,-0.0006375019,0.00026517417,-0.0029426147,-0.002109509],[-0.004046403,0.001152099,-0.0014105577,0.0005186164,-0.00012958018,0.011983175,0.0010598914,-0.0030833005,0.0014570422,0.00037049453,0.00055937946,-0.0033072936],[-0.004465528,0.0013440443,0.00063540984,0.0018442819,-0.0015151048,0.0010598914,0.00612431,-0.00037775445,0.0010579514,0.0011858196,-0.0000149976895,0.0013148894],[-0.000008266817,-0.00411529,0.0004357764,-0.0030822775,-0.0030197431,-0.0030833005,-0.00037775445,0.021110555,-0.0012367554,-0.0033157624,-0.0022915085,-0.0043013603],[-0.0039739697,0.0012681886,-0.002083962,0.0009782218,-0.0006375019,0.0014570422,0.0010579514,-0.0012367554,0.007752541,0.0017933854,0.00019897106,-0.001172378],[-0.004371058,0.00016790246,0.0017199029,0.0013705542,0.00026517417,0.00037049453,0.0011858196,-0.0033157624,0.0017933854,0.008294208,0.0019643358,0.00019166163],[-0.002921651,-0.0007818979,-0.0015514047,-0.000056362576,-0.0029426147,0.00055937946,-0.0000149976895,-0.0022915085,0.00019897106,0.0019643358,0.00953786,0.0031739362],[-0.00063615444,-0.000055375636,-0.0024142119,0.00048194858,-0.002109509,-0.0033072936,0.0013148894,-0.0043013603,-0.001172378,0.00019166163,0.0031739362,0.0120857665]]