[[0.031065773,-0.0010211172,-0.007496356,-0.0039574276,-0.0028891023,-0.004694645,-0.0066459985,0.00054695643,-0.0040234956,-0.0037561327,-0.007612984,-0.0014254368],[-0.0010211172,0.0074098483,0.0014786888,-0.001079497,0.00076489703,-0.00023392939,0.0017446346,-0.0028459744,0.0020587447,0.00046472088,-0.0015094514,0.0011061048],[-0.007496356,0.0014786888,0.012798964,-0.0005767267,-0.0000197671,-0.0018258272,0.00282164,-0.0005857319,-0.00028739584,0.0015871082,-0.0014908165,0.000027043048],[-0.0039574276,-0.001079497,-0.0005767267,0.015402914,0.0006227178,-0.0025481156,-0.0017740987,-0.0010057758,0.00049015676,-0.002617322,-0.00018637246,-0.002594027],[-0.0028891023,0.00076489703,-0.0000197671,0.0006227178,0.006828022,0.0012902999,-0.00023581194,-0.0017380766,0.00089676655,0.0009432098,-0.0025828802,0.0013428914],[-0.004694645,-0.00023392939,-0.0018258272,-0.0025481156,0.0012902999,0.01813875,0.002798119,-0.0073060635,-0.0025922272,0.0002488247,0.0011510511,-0.0010079358],[-0.0066459985,0.0017446346,0.00282164,-0.0017740987,-0.00023581194,0.002798119,0.0090727275,0.0016035982,0.0012140197,0.0005312919,-0.00023191948,0.0005935844],[0.00054695643,-0.0028459744,-0.0005857319,-0.0010057758,-0.0017380766,-0.0073060635,0.0016035982,0.02185363,-0.00043166295,-0.0017606639,-0.0032359003,-0.0011800157],[-0.0040234956,0.0020587447,-0.00028739584,0.00049015676,0.00089676655,-0.0025922272,0.0012140197,-0.00043166295,0.010655222,0.0013800012,-0.0019364547,0.0010060304],[-0.0037561327,0.00046472088,0.0015871082,-0.002617322,0.0009432098,0.0002488247,0.0005312919,-0.0017606639,0.0013800012,0.007512649,0.0013274478,0.00035074525],[-0.007612984,-0.0015094514,-0.0014908165,-0.00018637246,-0.0025828802,0.0011510511,-0.00023191948,-0.0032359003,-0.0019364547,0.0013274478,0.019738259,0.0019504249],[-0.0014254368,0.0011061048,0.000027043048,-0.002594027,0.0013428914,-0.0010079358,0.0005935844,-0.0011800157,0.0010060304,0.00035074525,0.0019504249,0.0068178484]]